# TimeStamp,latitude(deg),longitude(deg),height(m),std_n(m),std_e(m),std_d(m)
824619,37.400683333,127.112028333,87.500,13.300,5.940,26.310
825555,37.400691667,127.112035000,85.500,50.960,27.270,104.500
826554,37.400706667,127.112045000,82.500,47.390,30.670,84.150
827560,37.400708333,127.112050000,82.100,39.030,21.440,72.400
828557,37.400701667,127.112048333,83.800,34.510,18.330,64.570
829609,37.400683333,127.112041667,87.800,38.710,21.840,70.700
830554,37.400675000,127.112040000,90.000,33.740,20.000,60.380
831560,37.400668333,127.112040000,91.600,30.730,19.000,53.750
832559,37.400663333,127.112040000,93.000,28.770,18.430,49.090
833561,37.400658333,127.112040000,94.200,27.320,18.030,45.450
834607,37.400655000,127.112040000,95.100,26.170,17.700,42.430
835565,37.400655000,127.112043333,96.300,16.590,11.560,26.610
836558,37.400653333,127.112045000,97.700,16.300,11.620,25.870
837566,37.400651667,127.112046667,98.600,16.080,11.670,25.270
838559,37.400651667,127.112046667,99.400,15.930,11.710,24.770
839618,37.400650000,127.112048333,99.800,15.810,11.760,24.340
840564,37.400650000,127.112051667,100.300,15.740,11.810,23.970
841569,37.400651667,127.112055000,100.900,15.690,11.840,23.650
842566,37.400653333,127.112056667,101.200,15.220,11.530,22.690
843574,37.400655000,127.112061667,101.600,14.790,11.250,21.830
844618,37.400658333,127.112066667,102.000,14.800,11.300,21.630
845571,37.400658333,127.112068333,102.000,14.810,11.330,21.440
846570,37.400658333,127.112068333,101.700,14.810,11.350,21.270
847576,37.400658333,127.112070000,101.400,14.810,11.370,21.100
848570,37.400661667,127.112075000,101.500,12.790,9.960,17.760
849621,37.400665000,127.112080000,101.300,13.140,10.280,17.680
850572,37.400666667,127.112081667,101.000,13.570,10.590,17.620
851577,37.400668333,127.112085000,100.700,14.060,10.900,17.560
852574,37.400671667,127.112088333,100.400,14.580,11.200,17.510
853577,37.400675000,127.112091667,100.200,15.080,11.480,17.450
854622,37.400678333,127.112093333,100.000,15.550,11.740,17.390
855575,37.400676667,127.112090000,99.800,16.000,11.980,17.340
856577,37.400678333,127.112091667,99.700,16.400,12.200,17.300
857578,37.400671667,127.112085000,99.500,16.770,12.380,17.280
858575,37.400668333,127.112081667,99.400,17.140,12.580,17.310
859629,37.400666667,127.112080000,99.400,17.240,12.640,17.420
860581,37.400663333,127.112075000,99.500,18.180,13.230,20.210
861583,37.400660000,127.112073333,99.700,17.330,12.610,20.080
862581,37.400661667,127.112073333,100.000,16.730,12.250,19.930
863585,37.400663333,127.112076667,100.500,16.290,12.040,19.810
864630,37.400663333,127.112075000,100.600,15.960,11.900,19.710
865587,37.400661667,127.112075000,100.600,15.710,11.800,19.630
866585,37.400660000,127.112073333,100.500,15.500,11.720,19.560
867589,37.400658333,127.112073333,100.700,15.330,11.660,19.470
868585,37.400658333,127.112071667,100.800,15.190,11.620,19.390
869638,37.400655000,127.112070000,100.600,15.080,11.590,19.310
870584,37.400655000,127.112068333,100.700,14.970,11.570,19.230
871587,37.400651667,127.112065000,100.600,14.880,11.550,19.140
872587,37.400648333,127.112061667,100.300,14.810,11.540,19.060
873593,37.400645000,127.112055000,99.700,13.260,10.610,16.990
874636,37.400645000,127.112055000,99.700,15.440,12.710,18.920
875590,37.400645000,127.112055000,99.700,14.360,12.070,16.850
876589,37.400638333,127.112053333,98.900,13.740,11.600,16.440
877592,37.400640000,127.112055000,98.700,12.490,10.840,14.820
878590,37.400643333,127.112056667,98.300,12.600,11.200,14.740
879642,37.400648333,127.112060000,97.900,12.530,11.350,14.380
880591,37.400655000,127.112060000,97.600,12.540,11.560,14.080
881594,37.400663333,127.112061667,97.400,12.720,11.780,13.940
882602,37.400671667,127.112060000,97.200,12.830,11.930,13.750
883596,37.400683333,127.112061667,97.000,13.110,12.210,13.750
884645,37.400693333,127.112060000,96.500,13.370,12.460,13.750
885597,37.400703333,127.112060000,96.400,13.760,12.800,13.920
886598,37.400706667,127.112055000,96.100,13.950,13.000,13.890
887602,37.400701667,127.112048333,95.700,14.020,13.110,13.770
888596,37.400698333,127.112040000,95.500,14.200,13.350,13.790
889655,37.400696667,127.112038333,95.200,14.580,13.740,14.010
890603,37.400701667,127.112031667,95.100,14.820,13.990,14.110
891599,37.400696667,127.112023333,95.000,14.940,14.130,14.130
892597,37.400703333,127.112023333,94.900,15.360,14.470,14.430
893600,37.400701667,127.112015000,94.800,15.450,14.510,14.450
894647,37.400698333,127.112011667,94.500,15.790,14.800,14.740
895605,37.400696667,127.112015000,94.200,15.820,14.670,14.780
896600,37.400693333,127.112018333,94.100,17.540,14.600,16.430
897600,37.400690000,127.112020000,93.900,17.390,13.880,16.450
898594,37.400686667,127.112018333,93.600,16.530,12.760,17.040
899651,37.400686667,127.112016667,93.400,15.710,11.950,16.990
900596,37.400688333,127.112018333,93.200,15.150,11.470,16.980
901602,37.400688333,127.112018333,93.000,14.710,11.150,16.950
902600,37.400688333,127.112018333,92.800,14.350,10.940,16.900
903605,37.400686667,127.112020000,92.700,14.080,10.810,16.870
904648,37.400686667,127.112023333,92.700,14.150,10.930,17.180
905598,37.400685000,127.112028333,92.700,14.410,11.200,17.680
906596,37.400683333,127.112035000,92.900,14.260,11.150,17.670
907600,37.400680000,127.112043333,93.000,14.140,11.110,17.640
908598,37.400676667,127.112050000,93.200,14.030,11.080,17.600
909648,37.400673333,127.112055000,93.300,13.960,11.050,17.580
910601,37.400668333,127.112060000,93.200,13.920,11.040,17.580
911602,37.400668333,127.112060000,93.200,14.550,11.910,17.540
912599,37.400663333,127.112063333,93.000,14.250,11.440,17.480
913606,37.400660000,127.112066667,92.800,14.140,11.280,17.520
914650,37.400656667,127.112068333,92.600,14.720,11.710,18.340
915603,37.400655000,127.112070000,92.400,14.640,11.640,18.300
916604,37.400655000,127.112071667,92.300,14.570,11.600,18.270
917605,37.400655000,127.112073333,92.000,14.510,11.570,18.200
918601,37.400656667,127.112075000,91.800,14.480,11.560,18.160
919662,37.400658333,127.112075000,91.500,14.450,11.550,18.130
920604,37.400661667,127.112076667,91.300,14.430,11.540,18.090
921608,37.400665000,127.112080000,91.000,12.420,10.060,15.260
922606,37.400685000,127.112103333,90.400,14.630,11.740,18.010
923607,37.400698333,127.112115000,89.700,14.590,11.660,17.980
924654,37.400708333,127.112121667,89.000,14.560,11.620,17.950
925608,37.400716667,127.112126667,88.400,14.530,11.590,17.920
926610,37.400726667,127.112133333,88.000,14.500,11.570,17.890
927612,37.400733333,127.112138333,87.600,14.450,11.550,17.830
928613,37.400738333,127.112140000,87.000,14.430,11.550,17.800
929660,37.400741667,127.112140000,86.300,14.420,11.550,17.780
930612,37.400743333,127.112138333,85.500,14.410,11.550,17.760
931617,37.400745000,127.112138333,84.800,14.400,11.550,17.730
932616,37.400743333,127.112135000,84.000,14.780,11.860,18.190
933617,37.400745000,127.112133333,83.300,15.180,12.170,18.660
934662,37.400745000,127.112131667,82.600,15.170,12.150,18.600
935618,37.400745000,127.112128333,81.900,15.190,12.150,18.590
936616,37.400740000,127.112120000,81.100,12.480,10.090,14.930
937622,37.400736667,127.112111667,80.400,12.840,10.390,14.920
938619,37.400726667,127.112098333,79.500,13.270,10.690,14.920
939669,37.400721667,127.112091667,78.800,13.750,10.980,14.920
940619,37.400715000,127.112080000,78.100,14.280,11.280,14.940
941625,37.400708333,127.112070000,77.700,14.790,11.550,14.950
942620,37.400696667,127.112055000,77.300,15.280,11.810,14.960
943627,37.400681667,127.112036667,76.500,16.130,12.350,15.390
944671,37.400676667,127.112030000,76.300,16.880,12.820,15.530
945625,37.400668333,127.112018333,76.100,17.460,13.170,15.590
946623,37.400656667,127.112003333,76.000,17.980,13.470,15.640
947625,37.400640000,127.111981667,75.500,16.180,12.280,13.960
948621,37.400621667,127.111960000,75.200,15.600,12.060,13.340
949674,37.400611667,127.111940000,74.900,15.360,12.120,13.040
950616,37.400605000,127.111928333,74.600,15.160,12.210,12.790
951620,37.400608333,127.111920000,73.900,15.170,12.540,12.740
952622,37.400600000,127.111906667,73.300,14.540,12.260,12.170
953623,37.400586667,127.111891667,72.900,13.340,11.640,11.250
954671,37.400580000,127.111873333,72.800,13.600,12.150,11.510
955624,37.400578333,127.111858333,72.800,13.950,12.710,11.850
956619,37.400583333,127.111845000,72.900,13.280,12.300,11.310
957626,37.400583333,127.111828333,73.000,14.210,13.320,12.120
958622,37.400585000,127.111810000,73.200,13.360,12.650,11.420
959681,37.400586667,127.111798333,73.300,13.380,12.900,11.460
960622,37.400588333,127.111793333,73.500,13.380,12.970,11.470
961631,37.400596667,127.111790000,73.500,13.330,12.970,11.430
962621,37.400600000,127.111781667,73.600,13.510,13.160,11.590
963625,37.400606667,127.111770000,73.400,13.610,13.270,11.690
964679,37.400611667,127.111765000,73.600,13.780,13.400,11.850
965631,37.400620000,127.111763333,73.600,13.850,13.430,11.930
966629,37.400630000,127.111760000,73.800,14.060,13.580,12.140
967630,37.400643333,127.111763333,73.900,14.080,13.540,12.170
968623,37.400650000,127.111763333,73.800,14.090,13.510,12.210
969672,37.400665000,127.111771667,73.800,14.270,13.620,12.390
970623,37.400675000,127.111776667,74.100,14.180,13.470,12.340
971625,37.400680000,127.111783333,74.100,14.080,13.320,12.270
972622,37.400683333,127.111781667,74.200,14.100,13.280,12.310
973631,37.400683333,127.111781667,74.500,14.110,13.250,12.340
974673,37.400686667,127.111788333,74.700,14.160,13.240,12.380
975627,37.400685000,127.111786667,74.900,14.030,13.050,12.250
976627,37.400685000,127.111795000,75.300,14.220,13.130,12.380
977633,37.400676667,127.111796667,75.700,14.160,12.970,12.280
978628,37.400685000,127.111810000,76.100,14.080,12.760,11.930
979679,37.400690000,127.111818333,76.500,14.410,12.960,12.210
980633,37.400690000,127.111825000,77.200,14.380,12.820,12.170
981631,37.400700000,127.111836667,77.800,14.430,12.780,12.200
982636,37.400711667,127.111848333,78.500,14.410,12.690,12.180
983635,37.400723333,127.111860000,79.000,14.280,12.500,12.070
984678,37.400718333,127.111865000,79.100,17.800,15.440,14.920
985637,37.400716667,127.111870000,79.000,18.000,15.510,14.980
986631,37.400710000,127.111871667,79.100,18.340,15.720,15.180
987639,37.400720000,127.111881667,79.600,14.240,12.200,11.820
988637,37.400720000,127.111893333,79.600,18.410,15.700,15.180
989683,37.400713333,127.111895000,79.700,18.730,15.890,15.350
990638,37.400701667,127.111893333,79.700,17.390,14.660,14.190
991639,37.400703333,127.111903333,80.000,14.650,12.260,12.000
992643,37.400698333,127.111925000,80.100,15.060,11.870,12.450
993643,37.400696667,127.111935000,80.100,20.140,15.480,16.600
994689,37.400685000,127.111930000,80.100,20.240,15.360,16.640
995638,37.400668333,127.111918333,80.200,20.360,15.330,16.710
996642,37.400655000,127.111908333,80.300,20.480,15.340,16.770
997646,37.400645000,127.111901667,80.300,20.580,15.380,16.850
998639,37.400640000,127.111901667,80.400,20.690,15.420,16.930
999688,37.400633333,127.111900000,80.300,15.630,11.640,12.900
1000643,37.400615000,127.111886667,80.000,15.560,11.590,12.950
1001643,37.400606667,127.111885000,79.800,15.970,11.900,13.400
1002641,37.400601667,127.111885000,79.600,14.800,11.020,12.520
1003651,37.400598333,127.111886667,79.400,15.200,11.320,12.960
1004689,37.400591667,127.111885000,79.100,17.270,12.880,14.910
1005646,37.400596667,127.111891667,78.800,17.360,12.960,15.160
1006650,37.400598333,127.111896667,78.700,16.000,11.970,14.130
1007652,37.400586667,127.111888333,78.400,15.880,11.890,14.170
1008649,37.400585000,127.111888333,78.100,15.960,11.960,14.380
1009704,37.400578333,127.111883333,78.100,16.130,12.090,14.660
1010649,37.400575000,127.111883333,77.900,16.030,12.030,14.690
1011652,37.400578333,127.111886667,77.800,16.230,12.190,14.990
1012656,37.400576667,127.111885000,77.400,16.340,12.280,15.200
1013655,37.400573333,127.111883333,77.200,16.270,12.230,15.230
1014696,37.400571667,127.111881667,76.800,16.200,12.190,15.270
1015656,37.400575000,127.111885000,76.600,16.120,12.130,15.250
1016652,37.400576667,127.111888333,76.500,16.250,12.230,15.440
1017654,37.400575000,127.111885000,76.300,16.220,12.210,15.470
1018651,37.400571667,127.111883333,76.100,16.190,12.190,15.500
1019706,37.400575000,127.111886667,75.800,16.160,12.170,15.530
1020655,37.400581667,127.111891667,75.700,14.450,10.900,13.820
1021659,37.400581667,127.111891667,75.200,14.820,11.180,14.060
1022653,37.400590000,127.111900000,74.900,14.970,11.290,14.090
1023661,37.400605000,127.111915000,74.600,15.140,11.400,14.120
1024708,37.400620000,127.111928333,74.300,15.310,11.510,14.180
1025658,37.400628333,127.111935000,74.000,15.390,11.560,14.180
1026657,37.400633333,127.111940000,73.800,15.580,11.680,14.270
1027663,37.400631667,127.111938333,73.400,15.970,11.950,14.570
1028658,37.400638333,127.111943333,73.200,16.050,12.000,14.610
1029710,37.400643333,127.111948333,73.000,16.120,12.040,14.640
1030662,37.400650000,127.111953333,72.900,16.300,12.160,14.770
1031665,37.400653333,127.111955000,72.800,16.440,12.250,14.860
1032660,37.400655000,127.111956667,72.800,16.380,12.190,14.770
1033666,37.400653333,127.111955000,72.800,17.870,13.280,15.910
1034709,37.400651667,127.111951667,72.800,18.300,13.580,16.090
1035670,37.400645000,127.111945000,72.900,19.130,14.180,16.620
1036661,37.400633333,127.111933333,73.100,17.840,13.210,15.340
1037663,37.400630000,127.111930000,73.100,18.250,13.500,15.380
1038658,37.400626667,127.111928333,73.100,18.660,13.800,15.430
1039717,37.400628333,127.111928333,73.200,19.570,14.460,16.020
1040662,37.400616667,127.111915000,72.900,24.080,17.740,19.820
1041666,37.400603333,127.111896667,71.700,23.950,17.580,19.730
1042670,37.400595000,127.111885000,70.400,23.870,17.470,19.680
1043667,37.400585000,127.111871667,69.100,23.920,17.460,19.620
1044714,37.400570000,127.111853333,67.900,23.830,17.380,19.570
1045674,37.400555000,127.111836667,66.600,23.750,17.310,19.520
1046664,37.400541667,127.111820000,65.400,23.650,17.230,19.460
1047670,37.400525000,127.111801667,64.300,23.560,17.170,19.400
1048668,37.400503333,127.111778333,63.100,23.490,17.120,19.350
1049717,37.400495000,127.111771667,62.400,27.260,19.890,21.820
1050670,37.400483333,127.111760000,61.700,21.250,15.500,16.980
1051676,37.400476667,127.111753333,60.900,20.720,15.130,16.490
1052671,37.400465000,127.111740000,60.300,20.820,15.200,16.490
1053672,37.400458333,127.111733333,59.500,28.250,20.650,21.780
1054720,37.400450000,127.111723333,58.600,21.690,15.850,16.490
1055673,37.400435000,127.111708333,57.800,21.980,16.040,16.480
1056679,37.400413333,127.111686667,57.100,21.980,16.020,16.480
1057678,37.400393333,127.111668333,56.500,21.990,16.010,16.480
1058672,37.400376667,127.111651667,55.800,21.810,15.870,16.220
1059726,37.400368333,127.111641667,55.000,21.700,15.770,15.970
1060671,37.400370000,127.111643333,54.400,21.940,15.930,15.970
1061682,37.400373333,127.111645000,53.500,20.490,14.870,14.520
1062675,37.400383333,127.111653333,53.100,20.140,14.600,13.920
1063684,37.400398333,127.111666667,52.700,20.910,15.140,14.100
1064723,37.400416667,127.111683333,52.400,22.060,15.950,14.550
1065681,37.400431667,127.111695000,52.100,21.820,15.750,14.100
1066683,37.400435000,127.111698333,52.000,23.020,16.600,14.640
1067683,37.400461667,127.111721667,51.600,23.640,17.030,14.820
1068683,37.400468333,127.111725000,51.400,24.230,17.430,15.010
1069729,37.400471667,127.111725000,51.100,25.280,18.170,15.520
1070682,37.400458333,127.111711667,51.000,24.030,17.260,14.670
1071685,37.400455000,127.111708333,50.900,24.210,17.400,15.030
1072681,37.400451667,127.111703333,50.900,24.050,17.300,15.150
1073687,37.400450000,127.111700000,50.700,29.760,21.450,18.440
1074728,37.400441667,127.111691667,50.200,24.150,17.410,15.180
1075697,37.400433333,127.111683333,50.200,23.870,17.220,15.190
1076686,37.400426667,127.111678333,50.100,24.040,17.350,15.510
1077694,37.400410000,127.111663333,50.200,23.870,17.240,15.600
1078685,37.400406667,127.111660000,50.200,29.140,21.080,18.710
1079744,37.400391667,127.111645000,49.800,24.490,17.710,15.940
1080695,37.400383333,127.111638333,49.600,24.210,17.520,15.960
1081698,37.400378333,127.111633333,49.500,23.950,17.340,15.970
1082692,37.400375000,127.111630000,49.300,23.720,17.180,15.980
1083704,37.400371667,127.111628333,49.300,23.840,17.280,16.250
1084737,37.400371667,127.111628333,49.200,23.830,17.290,16.430
1085699,37.400368333,127.111625000,49.100,23.550,17.100,16.400
1086691,37.400366667,127.111623333,49.100,23.000,16.720,16.130
1087701,37.400366667,127.111623333,49.100,23.180,16.860,16.370
1088694,37.400370000,127.111626667,49.000,23.190,16.870,16.370
1089750,37.400371667,127.111628333,48.900,23.300,16.950,16.380
1090692,37.400380000,127.111635000,48.800,23.390,17.010,16.400
1091705,37.400390000,127.111643333,48.600,22.910,16.670,15.970
1092694,37.400405000,127.111655000,48.500,23.070,16.780,15.980
1093704,37.400420000,127.111668333,48.300,23.300,16.930,15.940
1094744,37.400431667,127.111676667,47.900,23.040,16.720,15.520
1095702,37.400453333,127.111695000,47.800,23.110,16.750,15.320
1096705,37.400476667,127.111715000,47.600,23.020,16.670,15.020
1097703,37.400483333,127.111720000,47.400,28.720,20.790,17.930
1098702,37.400490000,127.111723333,47.400,30.070,21.730,17.940
1099754,37.400485000,127.111718333,47.300,31.490,22.700,17.950
1100695,37.400488333,127.111720000,47.300,31.980,23.010,17.430
1101700,37.400490000,127.111720000,47.000,32.800,23.540,17.100
1102693,37.400500000,127.111726667,46.800,34.270,24.540,17.120
1103705,37.400518333,127.111741667,46.800,35.740,25.540,17.130
1104742,37.400533333,127.111755000,46.800,39.530,28.190,18.200
1106699,37.400530000,127.111750000,46.800,30.110,21.400,13.540
1108710,37.400520000,127.111736667,46.500,30.240,21.470,13.650
1109760,37.400495000,127.111713333,46.400,29.060,20.640,13.520
1111711,37.400480000,127.111700000,46.600,30.430,21.710,15.430
1112704,37.400463333,127.111685000,46.700,29.370,21.000,15.590
1113708,37.400450000,127.111671667,46.800,29.140,20.890,16.120
1114749,37.400436667,127.111660000,47.000,28.190,20.260,16.150
1115717,37.400436667,127.111658333,47.000,27.410,19.750,16.190
1116704,37.400443333,127.111665000,47.000,26.730,19.310,16.240
1117715,37.400443333,127.111665000,47.100,26.150,18.940,16.280
1118719,37.400430000,127.111653333,47.200,25.800,18.730,16.330
1119754,37.400425000,127.111648333,47.200,25.530,18.560,16.370
1120720,37.400405000,127.111625000,46.200,25.820,18.720,16.700
1121716,37.400390000,127.111611667,46.200,25.400,18.430,16.560
1122715,37.400376667,127.111600000,46.200,25.260,18.330,16.550
1123728,37.400348333,127.111571667,45.700,25.100,18.170,16.460
1124769,37.400313333,127.111536667,44.500,24.860,17.950,16.300
1125721,37.400295000,127.111520000,44.500,24.610,17.800,16.140
1126719,37.400275000,127.111503333,44.500,24.500,17.750,16.240
1127722,37.400266667,127.111495000,44.200,24.520,17.770,16.240
1128713,37.400263333,127.111495000,43.900,23.970,17.430,15.850
1129771,37.400275000,127.111498333,43.800,23.420,17.060,15.510
1130716,37.400288333,127.111505000,43.600,23.720,17.260,15.510
1131724,37.400305000,127.111513333,43.400,24.080,17.480,15.510
1132722,37.400296667,127.111496667,43.200,22.510,16.300,14.210
1133724,37.400301667,127.111486667,43.300,22.990,16.610,14.220
1134773,37.400311667,127.111490000,43.200,23.700,17.080,14.390
1135729,37.400318333,127.111496667,43.000,24.230,17.410,14.450
1136718,37.400341667,127.111513333,42.600,24.910,17.840,14.620
1137730,37.400358333,127.111535000,42.200,25.030,17.880,14.470
1138720,37.400378333,127.111558333,41.900,27.210,19.380,15.480
1139778,37.400415000,127.111583333,41.700,25.760,18.300,14.460
1140730,37.400453333,127.111610000,41.400,26.380,18.700,14.650
1141724,37.400473333,127.111618333,41.100,26.810,18.970,14.750
1142722,37.400486667,127.111623333,40.900,27.020,19.100,14.760
1143725,37.400498333,127.111630000,40.700,27.330,19.300,14.820
1144769,37.400493333,127.111628333,40.500,27.490,19.400,14.820
1145731,37.400500000,127.111621667,40.400,27.620,19.490,14.820
1146722,37.400506667,127.111618333,40.400,27.730,19.570,14.820
1147726,37.400510000,127.111620000,40.300,34.700,24.530,17.930
1148725,37.400493333,127.111616667,39.700,28.890,20.390,14.920
1149780,37.400490000,127.111620000,39.700,35.180,24.880,17.580
1150729,37.400476667,127.111611667,39.100,30.220,21.360,14.890
1151731,37.400466667,127.111603333,38.600,30.150,21.300,14.680
1152727,37.400455000,127.111600000,38.100,30.470,21.520,14.680
1153735,37.400436667,127.111598333,37.700,31.170,22.000,14.890
1154769,37.400443333,127.111606667,37.000,31.510,22.090,15.230
1155735,37.400448333,127.111620000,36.100,30.740,21.420,15.220
1156731,37.400428333,127.111601667,35.200,30.120,20.930,15.030
1157741,37.400423333,127.111590000,34.600,29.540,20.490,14.810
1158726,37.400415000,127.111593333,34.200,29.120,20.210,14.670
1159788,37.400410000,127.111595000,33.900,28.850,20.020,14.570
1160733,37.400395000,127.111571667,33.400,28.890,20.030,14.810
1161738,37.400403333,127.111576667,32.700,28.720,19.930,14.770
1162737,37.400391667,127.111570000,32.200,28.290,19.650,14.550
1163739,37.400388333,127.111563333,31.200,33.040,22.980,16.660
1164783,37.400380000,127.111550000,30.400,29.020,20.190,14.490
1165742,37.400373333,127.111531667,29.700,28.890,20.100,14.260
1166732,37.400360000,127.111508333,28.900,29.590,20.590,14.440
1167746,37.400345000,127.111490000,28.300,29.600,20.590,14.280
1168732,37.400323333,127.111448333,27.600,29.390,20.440,14.230
1169800,37.400315000,127.111418333,26.900,29.020,20.160,14.250
1170731,37.400315000,127.111411667,25.900,28.630,19.890,14.090
1171742,37.400326667,127.111420000,25.200,28.310,19.660,14.070
1172734,37.400315000,127.111411667,24.700,27.900,19.400,14.000
1173740,37.400308333,127.111401667,24.100,27.650,19.230,13.970
1174787,37.400296667,127.111385000,23.700,27.300,18.990,13.870
1175740,37.400278333,127.111368333,22.800,35.330,24.600,17.580
1176747,37.400256667,127.111351667,22.000,28.150,19.580,13.840
1177741,37.400240000,127.111340000,21.500,33.780,23.510,16.120
1178735,37.400218333,127.111316667,20.800,35.650,24.870,16.550
1180734,37.400158333,127.111251667,18.300,35.610,25.140,16.210
1181745,37.400145000,127.111238333,18.100,36.720,25.900,16.200
1182743,37.400135000,127.111228333,18.000,37.840,26.370,16.200
1183743,37.400123333,127.111211667,17.800,40.600,28.030,16.850
1219812,37.400930000,127.111993333,22.900,45.950,31.350,15.540
1220762,37.400873333,127.111950000,23.000,42.040,28.540,15.530
1221768,37.400798333,127.111890000,22.900,42.500,28.690,16.920
1222763,37.400725000,127.111826667,23.500,37.670,25.320,16.040
1223773,37.400693333,127.111805000,23.500,38.640,25.880,17.440
1224815,37.400666667,127.111793333,23.500,35.650,23.820,16.890
1225775,37.400645000,127.111785000,23.400,35.030,23.370,17.310
1226765,37.400616667,127.111766667,22.700,36.010,23.950,18.430
1227773,37.400576667,127.111728333,21.500,36.120,23.920,19.100
1228772,37.400540000,127.111695000,21.000,35.380,23.460,19.500
1229827,37.400520000,127.111665000,19.500,32.630,21.530,18.500
1230765,37.400493333,127.111635000,18.800,34.830,22.970,20.360
1231775,37.400478333,127.111616667,17.900,33.890,22.330,20.300
1232774,37.400466667,127.111596667,17.300,33.420,22.040,20.420
1233774,37.400446667,127.111566667,16.800,33.410,22.060,20.780
1234823,37.400435000,127.111541667,16.400,33.250,21.960,20.960
1235780,37.400433333,127.111531667,16.800,33.640,22.200,21.450
1236777,37.400425000,127.111518333,17.200,32.920,21.690,21.450
1237788,37.400433333,127.111515000,16.400,32.750,21.550,21.750
1238766,37.400433333,127.111496667,16.100,40.720,26.880,26.700
1242778,37.400455000,127.111475000,17.500,39.120,25.740,20.040
1243781,37.400448333,127.111460000,17.600,38.650,25.360,19.820
1244825,37.400433333,127.111443333,18.000,37.840,24.760,19.520
1245778,37.400425000,127.111438333,18.600,37.530,24.530,19.500
1246780,37.400408333,127.111438333,19.100,34.510,22.500,18.120
1247779,37.400418333,127.111440000,19.200,33.620,21.900,17.810
1248780,37.400403333,127.111435000,19.300,32.980,21.540,17.640
1249828,37.400401667,127.111433333,19.200,32.440,21.380,17.670
1250785,37.400398333,127.111431667,19.200,32.900,21.770,18.060
1251782,37.400401667,127.111436667,19.900,32.320,21.460,17.870
1252781,37.400393333,127.111430000,20.800,31.780,21.210,17.720
1253789,37.400385000,127.111433333,21.500,31.810,21.280,17.800
1254830,37.400385000,127.111443333,22.700,32.180,21.570,18.080
1255791,37.400328333,127.111413333,23.900,27.490,18.700,16.230
1256790,37.400316667,127.111418333,25.200,27.390,18.740,16.410
1257793,37.400311667,127.111431667,26.900,26.770,18.450,16.340
1258793,37.400283333,127.111425000,28.300,26.480,18.350,16.440
1259841,37.400248333,127.111406667,30.000,25.490,17.870,16.370
1260795,37.400230000,127.111400000,31.100,24.800,17.550,16.390
1261796,37.400211667,127.111388333,32.300,24.760,17.610,16.510
1262793,37.400195000,127.111378333,33.400,24.320,17.420,16.320
1263794,37.400175000,127.111371667,34.600,24.030,17.270,16.120
1264845,37.400170000,127.111375000,35.600,23.590,17.080,15.860
1265790,37.400171667,127.111375000,36.000,24.330,17.730,16.180
1266792,37.400158333,127.111371667,36.100,24.250,17.870,16.190
1267794,37.400158333,127.111378333,36.000,24.120,17.960,16.150
1268792,37.400168333,127.111378333,35.900,24.030,18.040,16.120
1269841,37.400186667,127.111390000,36.100,23.730,17.940,15.900
1270791,37.400193333,127.111396667,35.900,22.200,16.800,14.680
1271793,37.400213333,127.111396667,36.200,20.720,15.630,13.350
1272797,37.400233333,127.111405000,36.300,22.620,16.960,14.160
1273792,37.400235000,127.111406667,36.300,23.120,17.170,14.230
1274845,37.400246667,127.111401667,36.200,24.460,17.920,14.680
1275791,37.400240000,127.111388333,35.700,25.230,18.230,14.800
1276792,37.400230000,127.111375000,35.700,25.810,18.390,14.810
1277795,37.400218333,127.111368333,35.200,26.130,18.380,14.720
1278794,37.400208333,127.111345000,34.300,27.390,18.870,15.120
1279846,37.400208333,127.111353333,34.400,26.480,18.160,14.410
1280805,37.400210000,127.111361667,34.400,26.870,18.280,14.410
1281795,37.400206667,127.111366667,34.300,27.360,18.500,14.460
1282798,37.400225000,127.111380000,34.100,25.510,17.000,13.560
1283802,37.400230000,127.111361667,32.900,25.860,17.110,13.870
1284847,37.400228333,127.111358333,32.500,24.640,16.290,13.340
1285398,37.400246667,127.111371667,32.300,26.320,17.470,14.720
1286403,37.400248333,127.111376667,32.600,23.790,16.100,13.900
1287406,37.400271667,127.111393333,32.600,25.670,17.640,15.240
1288402,37.400285000,127.111406667,32.900,22.960,15.910,13.930
1289452,37.400296667,127.111416667,32.900,22.800,15.910,14.070
1290409,37.400311667,127.111440000,33.100,22.510,15.800,14.100
1291405,37.400306667,127.111456667,33.400,22.410,15.790,14.240
1292410,37.400316667,127.111480000,33.600,22.250,15.650,14.310
1293405,37.400315000,127.111501667,33.800,22.450,15.860,14.750
1294453,37.400331667,127.111516667,34.000,21.310,15.140,14.160
1295410,37.400345000,127.111541667,34.300,21.080,15.010,14.100
1296408,37.400355000,127.111553333,34.200,21.150,15.040,14.200
1297411,37.400365000,127.111565000,34.000,21.290,15.070,14.330
1298410,37.400373333,127.111581667,33.700,21.240,15.040,14.300
1299460,37.400375000,127.111596667,33.300,21.110,14.860,14.130
1300412,37.400373333,127.111608333,32.900,20.990,14.730,14.000
1301409,37.400378333,127.111605000,32.500,18.930,13.170,12.370
1302414,37.400395000,127.111616667,32.100,20.040,13.850,12.860
1303411,37.400416667,127.111621667,32.000,20.310,14.000,12.880
1304461,37.400436667,127.111628333,32.000,20.570,14.150,12.770
1305412,37.400455000,127.111643333,32.000,20.070,13.800,12.110
1306410,37.400450000,127.111643333,32.000,22.670,15.460,13.280
1307417,37.400466667,127.111660000,31.900,20.520,13.930,11.830
1308414,37.400480000,127.111665000,31.800,21.570,14.580,12.290
1309466,37.400460000,127.111645000,32.000,23.040,15.570,13.320
1310421,37.400411667,127.111605000,31.900,24.460,16.640,14.130
1311420,37.400396667,127.111595000,32.100,21.780,14.810,12.570
1312423,37.400358333,127.111573333,31.800,23.410,16.030,13.780
1313424,37.400350000,127.111568333,32.000,24.040,16.530,14.150
1314469,37.400331667,127.111556667,32.100,23.990,16.540,14.140
1315423,37.400311667,127.111533333,32.000,24.010,16.560,14.170
1316425,37.400290000,127.111515000,32.100,24.050,16.620,14.220
1317425,37.400273333,127.111495000,31.700,23.950,16.590,14.190
1318423,37.400253333,127.111470000,31.200,23.980,16.640,14.240
1319472,37.400238333,127.111445000,30.900,23.770,16.330,14.430
1320427,37.400223333,127.111418333,30.500,23.850,15.760,14.780
1321426,37.400215000,127.111420000,30.500,22.900,15.130,14.410
1322429,37.400196667,127.111426667,30.600,22.490,14.940,14.320
1323429,37.400191667,127.111433333,30.900,22.020,14.750,14.140
1324471,37.400181667,127.111435000,31.300,21.770,14.740,14.080
1325432,37.400161667,127.111441667,31.200,20.740,14.220,13.380
1326431,37.400138333,127.111433333,31.300,19.910,13.760,12.730
1327434,37.400131667,127.111436667,31.500,19.940,13.890,12.680
1328436,37.400126667,127.111436667,31.500,21.630,15.030,13.700
1329482,37.400118333,127.111451667,31.500,21.990,14.630,13.890
1330437,37.400136667,127.111463333,32.000,21.120,14.730,14.240
1331434,37.400135000,127.111461667,32.100,19.710,13.800,13.220
1332437,37.400141667,127.111461667,32.100,19.900,13.950,13.220
1333434,37.400143333,127.111453333,32.200,19.790,13.940,13.040
1334484,37.400155000,127.111450000,32.400,19.750,13.970,12.990
1335439,37.400175000,127.111448333,32.700,20.380,14.050,13.320
1336438,37.400193333,127.111450000,32.800,20.520,13.910,13.270
1337437,37.400193333,127.111438333,33.100,23.290,15.560,14.850
1338435,37.400201667,127.111438333,33.000,28.020,18.680,16.110
1339484,37.400206667,127.111433333,33.000,24.700,16.340,13.880
1340438,37.400208333,127.111431667,33.000,23.210,15.260,12.780
1341438,37.400203333,127.111421667,32.900,23.270,15.260,12.550
1342440,37.400193333,127.111408333,32.500,20.470,13.490,10.920
1343442,37.400186667,127.111391667,32.400,21.690,14.450,11.740
1344491,37.400178333,127.111375000,32.200,21.820,14.800,12.060
1345441,37.400171667,127.111360000,32.000,22.120,15.010,12.380
1346449,37.400163333,127.111360000,32.000,22.370,15.280,12.670
1347438,37.400151667,127.111346667,32.000,22.240,15.270,12.690
1348442,37.400151667,127.111343333,32.000,22.590,15.620,12.960
1349490,37.400131667,127.111325000,31.900,22.580,15.600,13.210
1350440,37.400120000,127.111308333,32.000,22.090,15.320,13.170
1351442,37.400120000,127.111318333,31.900,21.660,15.170,12.880
1352443,37.400111667,127.111310000,31.900,20.550,14.380,12.390
1353441,37.400101667,127.111310000,31.900,20.240,14.160,12.340
1354492,37.400100000,127.111311667,31.900,21.540,15.050,13.220
1355447,37.400100000,127.111315000,31.800,21.000,14.780,12.800
1356448,37.400103333,127.111316667,31.600,21.460,15.080,13.000
1357457,37.400103333,127.111323333,31.600,19.660,13.870,11.930
1358445,37.400108333,127.111341667,31.800,19.630,13.900,11.920
1359506,37.400115000,127.111360000,31.700,21.390,15.150,12.960
1360451,37.400130000,127.111375000,31.800,20.960,14.820,12.640
1361451,37.400148333,127.111380000,31.900,20.520,14.720,12.520
1362452,37.400168333,127.111405000,32.000,20.350,14.690,12.420
1363453,37.400200000,127.111436667,32.400,20.410,14.740,12.420
1364501,37.400226667,127.111461667,32.800,19.640,14.190,11.870
1365452,37.400251667,127.111480000,33.300,18.010,13.000,10.720
1366452,37.400280000,127.111505000,33.800,17.720,12.710,10.320
1367455,37.400293333,127.111516667,34.300,19.220,13.700,10.880
1368455,37.400308333,127.111540000,34.800,19.260,13.660,10.620
1369504,37.400328333,127.111560000,35.500,20.200,14.290,10.880
1370466,37.400350000,127.111576667,36.100,21.890,15.480,11.580
1371447,37.400361667,127.111588333,36.700,21.990,15.520,11.430
1372456,37.400366667,127.111605000,37.400,21.950,15.460,11.440
1373455,37.400376667,127.111621667,38.200,21.000,14.770,10.990
1374501,37.400393333,127.111635000,39.000,20.610,14.470,10.830
1375453,37.400400000,127.111636667,39.700,20.530,14.420,10.850
1376457,37.400390000,127.111630000,40.100,20.450,14.360,10.860
1377456,37.400388333,127.111620000,40.300,20.460,14.400,10.940
1378455,37.400423333,127.111615000,40.300,19.870,14.720,11.270
1379505,37.400440000,127.111606667,40.300,19.310,14.640,11.300
1380456,37.400441667,127.111588333,40.000,19.170,14.760,11.470
1381456,37.400430000,127.111570000,39.600,19.170,14.790,11.510
1382457,37.400421667,127.111548333,39.500,18.700,14.590,11.400
1383458,37.400400000,127.111511667,39.100,18.410,14.310,11.200
1384507,37.400381667,127.111486667,38.900,18.280,14.080,11.040
1385457,37.400361667,127.111461667,38.600,18.590,14.150,11.120
1386461,37.400341667,127.111426667,38.300,19.230,14.460,11.450
1387462,37.400343333,127.111418333,37.800,19.260,14.390,11.470
1388467,37.400345000,127.111413333,37.400,19.110,14.190,11.350
1389508,37.400350000,127.111408333,36.900,19.230,14.200,11.310
1390459,37.400360000,127.111383333,34.900,19.830,14.400,11.550
1391462,37.400368333,127.111371667,33.400,19.230,13.860,11.110
1392462,37.400365000,127.111348333,32.100,19.140,13.700,10.860
1393463,37.400360000,127.111340000,31.600,18.850,13.560,10.520
1394514,37.400343333,127.111311667,30.500,26.660,19.000,14.610
1395459,37.400330000,127.111286667,29.500,26.920,19.060,14.510
1396457,37.400306667,127.111280000,28.800,25.530,18.120,13.580
1397456,37.400295000,127.111265000,28.400,25.760,18.270,13.520
1398461,37.400281667,127.111231667,27.500,20.980,14.810,11.030
1399507,37.400265000,127.111223333,27.300,21.060,14.940,10.990
1400460,37.400251667,127.111226667,27.000,21.030,14.990,10.660
1401458,37.400240000,127.111226667,26.700,23.410,16.750,11.510
1402463,37.400218333,127.111225000,26.400,25.980,18.620,12.330
1403459,37.400210000,127.111230000,26.100,26.540,19.270,12.730
1404508,37.400181667,127.111223333,25.700,26.280,19.230,12.620
1405461,37.400171667,127.111216667,25.600,25.860,19.000,12.400
1406464,37.400168333,127.111211667,25.500,26.460,19.460,12.680
1407463,37.400150000,127.111198333,25.200,26.750,19.650,12.820
1408465,37.400136667,127.111196667,25.000,26.470,19.500,12.790
1409512,37.400116667,127.111186667,24.900,23.410,17.270,11.510
1410472,37.400090000,127.111171667,25.000,24.450,17.990,12.360
1411471,37.400070000,127.111163333,24.900,22.250,16.210,11.530
1412473,37.400058333,127.111150000,24.900,21.800,15.670,11.550
1413475,37.400036667,127.111130000,24.800,21.080,15.100,11.560
1414519,37.400003333,127.111105000,24.600,21.990,15.780,12.450
1415478,37.399993333,127.111096667,24.500,20.450,14.650,11.680
1416481,37.399983333,127.111098333,24.400,21.200,15.060,12.230
1417482,37.399971667,127.111095000,24.200,20.830,14.750,12.120
1418486,37.399961667,127.111086667,24.000,20.790,14.700,12.200
1419519,37.399956667,127.111088333,23.800,20.730,14.630,12.260
1420477,37.399950000,127.111088333,23.500,21.380,15.020,12.490
1421477,37.399950000,127.111091667,23.300,21.800,15.250,12.660
1422479,37.399965000,127.111111667,23.100,20.590,14.350,11.900
1423479,37.399983333,127.111146667,22.900,20.920,14.540,12.050
1424527,37.400015000,127.111180000,22.600,21.310,14.750,12.260
1425481,37.400040000,127.111211667,22.400,21.510,14.850,12.370
1426477,37.400060000,127.111236667,22.300,21.480,14.840,12.350
1427476,37.400073333,127.111253333,22.500,21.400,14.800,12.300
1428478,37.400076667,127.111256667,22.700,21.570,14.940,12.410
1429525,37.400090000,127.111273333,23.000,21.870,15.030,12.560
1430481,37.400115000,127.111283333,23.200,22.680,15.080,13.020
1431479,37.400138333,127.111293333,23.500,22.610,15.020,12.950
1432481,37.400160000,127.111301667,23.700,21.630,14.430,12.250
1433480,37.400175000,127.111301667,23.900,20.640,13.750,11.510
1434526,37.400190000,127.111300000,24.500,25.730,17.360,13.040
1435478,37.400201667,127.111295000,24.800,27.490,18.720,12.680
1436486,37.400160000,127.111256667,24.500,23.760,16.440,11.160
1437484,37.400173333,127.111258333,24.800,19.910,14.510,9.730
1438484,37.400166667,127.111245000,25.000,24.360,18.270,12.030
1439532,37.400170000,127.111245000,25.300,24.270,18.580,12.050
1440484,37.400171667,127.111248333,25.500,24.660,19.150,12.280
1441485,37.400168333,127.111245000,25.700,24.970,19.610,12.460
1442488,37.400161667,127.111236667,25.800,25.010,19.810,12.510
1443491,37.400165000,127.111245000,26.300,25.510,20.320,12.780
1444532,37.400171667,127.111246667,26.700,24.020,19.200,12.100
1445490,37.400173333,127.111243333,26.900,24.780,19.020,12.630
1446488,37.400173333,127.111245000,27.200,23.350,17.890,11.930
1447487,37.400175000,127.111245000,27.500,23.430,17.920,11.970
1448494,37.400181667,127.111245000,27.800,24.060,18.370,12.280
1449539,37.400173333,127.111236667,28.000,20.390,15.510,10.470
1450496,37.400161667,127.111236667,27.900,20.940,15.870,10.860
1451491,37.400171667,127.111260000,27.700,21.420,16.150,11.280
1452492,37.400193333,127.111281667,27.400,21.370,16.040,11.410
1453497,37.400208333,127.111305000,26.900,20.900,15.620,11.540
1454541,37.400201667,127.111323333,26.600,20.310,15.130,11.480
1455497,37.400213333,127.111355000,26.200,20.540,15.240,11.650
1456494,37.400228333,127.111381667,26.000,20.680,15.290,11.770
1457498,37.400235000,127.111400000,25.800,20.570,15.170,11.740
1458497,37.400238333,127.111410000,25.600,20.640,15.200,11.830
1459546,37.400228333,127.111408333,25.600,20.850,15.330,12.000
1460499,37.400228333,127.111410000,25.600,20.780,15.220,11.990
1461496,37.400228333,127.111408333,25.400,20.660,15.070,11.940
1462500,37.400230000,127.111405000,25.200,20.650,15.020,11.950
1463500,37.400220000,127.111401667,25.300,20.390,14.790,11.810
1464546,37.400201667,127.111401667,25.500,20.290,14.700,11.780
1465500,37.400195000,127.111405000,25.500,20.380,14.370,11.880
1466503,37.400198333,127.111398333,25.400,20.240,14.170,11.860
1467502,37.400205000,127.111393333,25.200,19.910,13.910,11.670
1468500,37.400205000,127.111388333,24.800,21.080,14.870,12.130
1469544,37.400208333,127.111385000,25.000,23.940,17.040,12.500
1470498,37.400215000,127.111375000,25.000,25.140,17.950,11.890
1471499,37.400206667,127.111358333,24.700,20.180,14.470,9.260
1472500,37.400203333,127.111351667,24.400,20.820,14.910,9.260
1473499,37.400196667,127.111348333,24.500,28.370,20.280,11.490
1474547,37.400183333,127.111333333,24.200,25.190,17.900,9.880
1475505,37.400176667,127.111310000,24.000,26.230,18.540,10.000
1476503,37.400163333,127.111288333,24.000,27.170,19.100,10.100
1477502,37.400161667,127.111271667,23.900,28.300,19.780,10.290
1478509,37.400176667,127.111261667,23.800,28.800,20.040,10.270
1479557,37.400171667,127.111246667,23.800,29.800,20.630,10.440
1480509,37.400163333,127.111241667,23.700,29.980,20.670,10.350
1481505,37.400153333,127.111243333,23.600,30.100,20.680,10.250
1482504,37.400156667,127.111236667,23.800,39.340,27.010,12.300
1484558,37.400143333,127.111231667,24.100,39.270,26.230,10.510
1486507,37.400141667,127.111236667,24.000,32.410,21.690,8.300
1487508,37.400180000,127.111281667,23.700,34.520,22.830,9.390
1488510,37.400210000,127.111321667,23.100,30.810,20.060,9.460
1489556,37.400198333,127.111313333,23.100,25.540,17.180,8.960
1490516,37.400171667,127.111315000,22.400,24.000,16.790,9.280
1491515,37.400178333,127.111333333,21.700,22.690,16.260,9.330
1492512,37.400196667,127.111348333,21.000,22.170,16.180,9.580
1493515,37.400218333,127.111366667,20.500,21.630,16.060,9.770
1494564,37.400235000,127.111383333,20.200,21.140,15.930,9.920
1495516,37.400230000,127.111383333,19.800,21.280,15.640,10.410
1496517,37.400233333,127.111385000,19.600,18.930,14.180,9.740
1497519,37.400230000,127.111385000,19.500,18.390,14.070,9.900
1498516,37.400223333,127.111385000,19.200,17.770,13.900,9.930
1499564,37.400216667,127.111390000,18.800,17.290,13.800,9.970
1500517,37.400205000,127.111393333,18.600,16.910,13.740,10.010
1501520,37.400190000,127.111380000,18.300,16.610,13.700,10.060
1502522,37.400173333,127.111361667,17.900,16.120,13.470,9.910
1503517,37.400161667,127.111346667,17.700,17.530,14.720,10.700
1504567,37.400135000,127.111333333,17.300,16.040,13.570,9.900
1505519,37.400113333,127.111320000,16.800,15.510,12.980,9.490
1506522,37.400098333,127.111296667,16.500,15.870,13.120,9.530
1507522,37.400096667,127.111276667,16.100,15.970,13.110,9.570
1508522,37.400070000,127.111240000,15.900,16.120,13.030,9.610
1509569,37.400061667,127.111225000,15.400,16.460,13.050,9.590
1510522,37.400051667,127.111196667,14.800,17.860,13.900,10.160
1511523,37.400045000,127.111183333,14.500,18.080,13.740,10.080
1512524,37.400041667,127.111166667,13.800,18.670,13.980,10.220
1513524,37.400030000,127.111158333,13.500,18.650,13.830,10.070
1514575,37.400018333,127.111148333,13.200,18.760,13.830,10.020
1515524,37.400015000,127.111138333,12.800,18.920,13.890,10.010
1516525,37.400025000,127.111133333,12.600,19.080,13.890,9.950
1517526,37.400033333,127.111118333,12.200,19.290,14.020,10.010
1518526,37.400038333,127.111115000,11.900,19.310,14.070,10.060
1519574,37.400045000,127.111100000,11.800,19.220,14.060,10.060
1520532,37.400055000,127.111081667,11.800,19.210,14.100,10.100
1521530,37.400060000,127.111086667,11.800,19.160,14.220,10.130
1522532,37.400068333,127.111088333,11.800,18.980,14.260,10.100
1523536,37.400078333,127.111093333,12.000,19.060,14.390,10.150
1524575,37.400078333,127.111105000,12.200,18.970,14.480,10.200
1525532,37.400078333,127.111113333,12.500,19.150,14.750,10.410
1526540,37.400075000,127.111121667,12.900,19.050,14.770,10.460
1527528,37.400068333,127.111130000,13.600,19.110,14.880,10.570
1528534,37.400065000,127.111131667,14.200,19.130,14.940,10.680
1529581,37.400061667,127.111128333,14.800,19.140,14.980,10.770
1530537,37.400050000,127.111115000,15.600,19.070,14.950,10.820
1531537,37.400038333,127.111106667,16.400,19.230,15.150,11.060
1532539,37.400033333,127.111103333,17.100,19.040,15.030,11.070
1533536,37.400026667,127.111093333,17.800,18.960,14.970,11.110
1534584,37.400018333,127.111081667,18.700,18.900,14.920,11.160
1535544,37.400008333,127.111075000,19.600,18.650,14.690,11.120
1536534,37.399991667,127.111041667,19.600,19.510,15.390,11.830
1537535,37.399976667,127.111013333,19.600,19.710,15.510,12.100
1538539,37.399970000,127.110986667,19.700,19.650,15.330,12.160
1539584,37.399971667,127.110965000,19.800,19.370,14.970,12.040
1540539,37.399975000,127.110945000,20.000,18.840,14.520,11.750
1541542,37.399980000,127.110936667,19.700,17.040,13.250,10.660
1542540,37.399986667,127.110928333,19.800,17.770,13.860,11.150
1543542,37.400006667,127.110936667,19.900,18.220,14.210,11.420
1544587,37.400023333,127.110941667,19.900,17.580,13.730,10.970
1545542,37.400036667,127.110933333,19.700,17.560,13.730,10.930
1546546,37.400040000,127.110926667,19.700,18.220,14.280,11.230
1547544,37.400053333,127.110921667,19.300,18.860,14.750,11.550
1548544,37.400071667,127.110921667,18.700,18.860,14.730,11.490
1549589,37.400090000,127.110908333,17.400,19.100,15.020,11.670
1550545,37.400111667,127.110910000,16.400,19.010,15.010,11.600
1551546,37.400136667,127.110928333,16.100,18.320,14.600,11.220
1552548,37.400170000,127.110955000,15.200,18.380,14.710,11.230
1553545,37.400195000,127.110986667,14.300,18.560,14.910,11.340
1554596,37.400213333,127.111011667,13.900,18.150,14.610,11.060
1555547,37.400233333,127.111031667,13.500,18.100,14.460,10.930
1556547,37.400243333,127.111053333,13.300,18.340,14.520,11.000
1557548,37.400228333,127.111061667,13.000,19.640,15.290,11.550
1558546,37.400210000,127.111070000,12.700,20.130,15.400,11.620
1559590,37.400198333,127.111070000,12.300,20.960,15.750,11.910
1560543,37.400180000,127.111076667,11.800,21.340,15.890,12.070
1561545,37.400163333,127.111088333,11.400,21.170,15.720,12.020
1562547,37.400151667,127.111095000,11.000,21.220,15.650,12.040
1563545,37.400140000,127.111111667,10.600,21.950,16.050,12.470
1564592,37.400140000,127.111130000,10.100,21.800,15.860,12.430
1565549,37.400136667,127.111141667,9.700,22.000,15.840,12.500
1566550,37.400126667,127.111146667,9.400,22.370,15.950,12.650
1567546,37.400121667,127.111146667,9.100,22.630,16.020,12.740
1568548,37.400126667,127.111151667,8.900,22.780,16.030,12.750
1569592,37.400121667,127.111150000,8.800,22.850,16.020,12.710
1570550,37.400106667,127.111141667,8.700,22.990,16.080,12.720
1571551,37.400090000,127.111121667,8.700,23.130,16.150,12.730
1572549,37.400081667,127.111106667,8.600,23.270,16.220,12.750
1573550,37.400068333,127.111085000,8.800,22.850,15.940,12.630
1574599,37.400053333,127.111075000,8.800,22.110,15.450,12.260
1575559,37.400056667,127.111075000,9.000,18.350,12.920,10.200
1576551,37.400061667,127.111086667,9.200,18.430,13.080,10.250
1577559,37.400066667,127.111096667,9.400,19.300,13.780,10.700
1578558,37.400080000,127.111103333,9.600,18.970,13.660,10.590
1579599,37.400091667,127.111116667,9.600,19.490,14.120,10.970
1580556,37.400091667,127.111123333,9.500,19.850,14.400,11.290
1581560,37.400091667,127.111133333,9.700,19.320,13.950,11.190
1582556,37.400091667,127.111136667,9.800,19.370,13.940,11.400
1583558,37.400098333,127.111141667,9.900,19.410,13.900,11.580
1584613,37.400091667,127.111145000,10.200,19.490,13.750,11.730
1585559,37.400083333,127.111148333,10.400,19.630,13.770,11.900
1586579,37.400090000,127.111166667,10.400,19.620,13.750,11.990
1587561,37.400095000,127.111180000,10.600,19.760,13.860,12.150
1588575,37.400093333,127.111186667,11.000,20.020,14.000,12.400
1589604,37.400093333,127.111195000,11.300,20.350,13.480,12.710
1590578,37.400106667,127.111218333,11.500,20.840,13.510,13.130
1591560,37.400123333,127.111238333,11.800,18.930,12.310,12.030
1592577,37.400143333,127.111248333,11.900,18.910,12.440,12.130
1593566,37.400160000,127.111260000,12.100,19.140,12.800,12.380
1594621,37.400160000,127.111256667,12.300,19.180,13.060,12.490
1595562,37.400161667,127.111243333,12.300,19.260,13.340,12.620
1596575,37.400160000,127.111233333,12.300,18.740,13.420,12.420
1597573,37.400158333,127.111228333,12.400,17.660,12.790,12.070
1598572,37.400160000,127.111231667,12.900,17.470,12.760,11.990
1599626,37.400156667,127.111230000,13.400,17.610,13.030,12.140
1600570,37.400148333,127.111223333,13.800,17.470,13.080,12.040
1601587,37.400145000,127.111221667,14.400,17.290,13.110,11.900
1602569,37.400153333,127.111223333,14.800,17.170,13.240,11.870
1603588,37.400156667,127.111233333,15.300,16.910,13.430,11.830
1604616,37.400158333,127.111246667,15.900,16.640,13.540,11.750
1605587,37.400160000,127.111246667,16.300,17.590,14.680,12.370
1606569,37.400161667,127.111246667,16.800,16.240,13.750,11.330
1607595,37.400163333,127.111241667,17.400,15.540,13.270,10.780
1608575,37.400158333,127.111233333,18.100,15.510,13.330,10.670
1609636,37.400160000,127.111228333,18.500,15.750,13.630,10.750
1610577,37.400160000,127.111231667,19.100,15.900,13.540,10.700
1611592,37.400140000,127.111221667,19.200,16.050,13.360,10.600
1612573,37.400113333,127.111213333,19.400,15.900,13.050,10.410
1613591,37.400115000,127.111221667,19.500,16.190,13.090,10.370
1614625,37.400125000,127.111230000,19.700,15.610,12.450,9.780
1615586,37.400121667,127.111223333,19.500,16.330,13.060,10.130
1616575,37.400118333,127.111218333,19.100,17.450,13.990,10.670
1617586,37.400110000,127.111220000,18.800,17.870,14.370,10.790
1618579,37.400105000,127.111221667,18.600,18.300,14.750,10.990
1619628,37.400115000,127.111243333,18.800,17.880,14.230,10.590
1620590,37.400125000,127.111261667,19.300,18.150,14.270,10.690
1621579,37.400140000,127.111286667,19.900,17.950,13.810,10.550
1622592,37.400135000,127.111291667,20.900,18.080,13.690,10.590
1623580,37.400151667,127.111321667,21.600,18.670,13.970,10.720
1624633,37.400170000,127.111346667,22.200,19.230,14.210,10.850
1625580,37.400180000,127.111356667,23.300,19.350,14.090,10.920
1626589,37.400178333,127.111361667,24.300,19.370,13.960,10.930
1627592,37.400185000,127.111363333,25.300,18.360,13.100,10.310
1628579,37.400188333,127.111360000,26.200,19.370,13.740,10.900
1629641,37.400196667,127.111376667,27.200,19.610,13.840,11.050
1630580,37.400206667,127.111376667,28.200,19.890,13.960,11.240
1631600,37.400208333,127.111370000,29.200,19.290,13.580,11.040
1632581,37.400231667,127.111403333,29.500,20.140,14.270,11.470
1633604,37.400261667,127.111433333,29.900,19.730,14.370,11.500
1634638,37.400295000,127.111448333,30.100,19.560,14.540,11.570
1635600,37.400326667,127.111476667,30.600,20.020,15.110,12.000
1636583,37.400366667,127.111503333,30.800,20.180,15.350,12.210
1637607,37.400426667,127.111516667,29.900,18.970,14.750,11.760
1638589,37.400461667,127.111543333,30.400,18.450,14.440,11.530
1639650,37.400493333,127.111566667,31.100,18.860,14.830,11.930
1640587,37.400521667,127.111586667,31.600,18.810,14.740,11.960
1641600,37.400543333,127.111601667,32.200,19.080,14.920,12.160
1642591,37.400563333,127.111620000,32.900,19.040,14.860,12.130
1643602,37.400570000,127.111643333,33.400,18.960,14.750,12.080
1644636,37.400571667,127.111653333,34.000,18.890,14.660,12.030
1645604,37.400570000,127.111665000,34.700,18.850,14.590,11.990
1646591,37.400568333,127.111661667,35.200,18.730,14.500,11.890
1647604,37.400561667,127.111661667,35.800,18.920,14.570,11.970
1648591,37.400556667,127.111655000,36.400,17.770,13.730,11.260
1649654,37.400550000,127.111651667,37.000,17.590,13.610,11.180
1650593,37.400546667,127.111648333,37.500,17.410,13.500,11.100
1651606,37.400548333,127.111643333,38.100,16.690,13.100,10.670
1652596,37.400550000,127.111648333,38.800,17.220,13.670,11.030
1653602,37.400556667,127.111653333,39.200,17.330,14.050,11.130
1654661,37.400563333,127.111660000,39.800,17.360,14.180,11.180
1655608,37.400573333,127.111663333,40.400,17.420,14.460,11.250
1656610,37.400585000,127.111656667,40.900,17.230,14.560,11.160
1657596,37.400595000,127.111638333,41.200,17.270,14.840,11.210
1658608,37.400605000,127.111625000,41.400,17.630,15.550,11.460
1659657,37.400625000,127.111610000,41.700,17.780,16.160,11.580
1660596,37.400638333,127.111593333,41.800,17.820,16.700,11.580
1661611,37.400653333,127.111571667,41.700,16.750,16.180,10.860
1662600,37.400665000,127.111543333,41.300,17.730,17.660,11.440
1663612,37.400676667,127.111506667,41.000,17.550,17.810,11.340
1664648,37.400680000,127.111496667,41.000,17.230,17.650,11.100
